aadt_type,priority,fedfunccls,capacity,jurisdictn,num_lanes,st_urbrur,surfc_type,Shape_Leng,Z_Min,Z_Max,Z_Mean,Min_Slope,Max_Slope,Avg_Slope,Max_Height,Return_Period,Distance_to_Coast_m,Max_WVHT,Max_Dir,Avg_WVHT,Avg_Dir,Max_WSPD,Max_WSPD_Dir,Avg_WSPD,Avg_WSPD_Dir,Precipitation,Rel_Elev_Min,Rel_Elev_Mean,Rel_Elev_Max
A,5,Local,1000,Townway,2,Urban,Flexible,1078.783595,7.0,6.600788715,1.319042757,0,43.57041166,0.996773682,9.3,280.71,101.2988847,6.98,156,4.43,222.44,20.1,127.0,12.63,182.9,1.93,4.16536,13.16536,10.30697424
E,5,Local,1000,Townway,2,Rural,Unimproved,445.4149179,4.0,6.388070536,1.322928347,0,40.80744518,1.002653655,9.3,280.71,15.20487541,6.98,156,4.43,222.44,20.1,127.0,12.63,182.9,2.87,1.16536,6.16536,2.566205683
E,5,Local,1000,Townway,2,Urban,Flexible,696.9139316,0.0,6.684590611,1.372301773,0,44.68375164,1.078873557,8.3,109.8,4.262185676,6.98,156,4.43,222.44,20.1,127.0,12.63,182.9,3.11,-2.52984,0.47016,-0.33157789
A,4,Minor Collector,1600,State aid,2,Rural,Flexible,1862.107483,3.0,6.323972438,1.245366374,0,39.99262739,0.888550436,11.42,26.08,8.921646379,5.97,144,3.39,144.49,22.3,135.0,13.93,143.06,1.74,-0.480816,7.519184,2.370658744
E,5,Local,1000,Townway,2,Rural,Gravel,229.0901139,9.0,6.373238541,1.068911018,0,40.6181695,0.654616341,9.3,280.71,159.5955847,6.98,156,4.43,222.44,20.1,127.0,12.63,182.9,2.87,6.16536,8.16536,6.754636149
A,5,Local,1000,Townway,2,Rural,Flexible,698.4376343,7.0,5.679322354,1.127455114,0,32.2547024,0.728278962,10.16,5888.6,19.55647008,5.97,144,3.39,144.49,21.42,297.8,13.1,301.07,1.28,3.903232,5.903232,5.047738457
E,5,Local,1000,Townway,2,Rural,Unimproved,575.9990408,20.0,6.218766058,1.194853422,0,38.67305128,0.817941778,9.3,280.71,361.0589372,6.98,156,4.43,222.44,21.42,297.8,13.1,301.07,2.37,17.16536,20.16536,18.43699407
E,5,Local,1000,Townway,2,Rural,Gravel,164.5151695,4.0,5.942268809,2.627680754,0,35.3105586,3.949836226,9.3,280.71,50.82898622,6.98,156,4.43,222.44,20.1,127.0,12.63,182.9,1.81,1.16536,5.16536,3.120547532
E,5,Local,1000,Townway,2,Rural,Flexible,326.5251959,3.0,6.409968015,1.945151196,0,41.08768995,2.166817071,11.42,26.08,6.022835889,5.97,144,3.39,144.49,22.3,135.0,13.93,143.06,1.74,-0.480816,2.519184,0.478345974
E,5,Local,1000,Townway,2,Rural,Flexible,134.9628315,3.0,5.745328007,1.825391577,0,33.00879391,1.908420476,9.3,280.71,37.28775847,6.98,156,4.43,222.44,21.42,297.8,13.1,301.07,2.37,0.16536,4.16536,2.108308675
E,5,Local,1000,Townway,2,Rural,Flexible,373.4061779,4.0,6.114755621,0.839156981,0,37.39023631,0.403461295,9.3,280.71,12.4214089,6.98,156,4.43,222.44,20.1,127.0,12.63,182.9,2.51,1.16536,3.16536,1.72780421
E,5,Local,1000,Townway,2,Rural,Flexible,60.091622,2.0,6.102692173,1.97803059,0,37.24285176,2.240614663,10.16,5888.6,26.19281873,5.97,144,3.39,144.49,21.42,297.8,13.1,301.07,1.28,-1.096768,0.903232,-0.194849625
E,5,Local,1000,Townway,2,Urban,Flexible,50.6797588,3.0,5.9904786,2.121836989,0,35.88583385,2.577825333,8.3,109.8,25.04321051,6.98,156,4.43,222.44,20.1,127.0,12.63,182.9,3.11,0.47016,1.47016,0.530680855
E,4,Major Collector,1800,State hwy,2,Rural,Flexible,107.7113755,4.0,5.602218605,1.019720991,0,31.38485329,0.595757748,10.16,5888.6,12.95677673,5.97,144,3.39,144.49,21.42,297.8,13.1,301.07,1.28,0.903232,1.903232,1.115493753
E,5,Local,1000,Other,2,Rural,Unimproved,210.2618587,19.0,6.420234443,2.320740567,0,41.2194103,3.082878608,10.16,5888.6,210.1786367,5.97,144,3.39,144.49,20.07,116.2,13.47,142.3,0.99,15.903232,19.903232,17.93043218
E,5,Local,1000,Townway,2,Rural,Flexible,250.6612866,16.0,6.43895603,1.919822587,0,41.46015475,2.110805833,9.3,280.71,128.3292119,6.98,156,4.43,222.44,21.42,297.8,13.1,301.07,2.17,13.16536,16.16536,14.80736232
E,5,Local,1000,Townway,2,Rural,Flexible,1718.057138,2.0,6.623493779,2.133167606,0,43.87066984,2.605392198,10.16,5888.6,443.0194174,5.97,144,3.39,144.49,21.42,297.8,13.1,301.07,1.31,-1.096768,15.903232,6.502413042
E,5,Local,1000,Townway,2,Rural,Flexible,2887.802953,4.0,6.649287744,1.57064598,0,44.2130275,1.413159458,10.16,5888.6,23.76168714,5.97,144,3.39,144.49,20.07,116.2,13.47,142.3,1.74,0.903232,19.903232,5.468628407
E,5,Local,1000,Townway,2,Urban,Flexible,127.8934794,3.0,0.0,0.0,0,0.0,0.0,8.3,109.8,49.88401115,6.98,156,4.43,222.44,20.1,127.0,12.63,182.9,3.11,0.47016,0.47016,0.47016
E,4,Major Collector,1800,State aid,2,Rural,Flexible,69.361037,20.0,5.650424257,1.379880996,0,31.92729428,1.090820833,9.3,280.71,122.9115535,6.98,156,4.43,222.44,20.1,127.0,12.63,182.9,1.81,17.16536,18.16536,17.55525289
E,5,Local,1000,Townway,2,Urban,Flexible,103.7055254,2.0,6.447743507,2.468528139,0,41.57339633,3.487081631,9.3,280.71,37.62674259,6.98,156,4.43,222.44,20.1,127.0,12.63,182.9,2.51,-0.83464,0.16536,0.06958764
E,5,Local,1000,Townway,2,Rural,Flexible,367.3808877,3.0,6.256571644,1.818443005,0,39.14468873,1.893929469,10.16,5888.6,16.14321973,5.97,144,3.39,144.49,21.42,297.8,13.1,301.07,1.28,-0.096768,4.903232,1.578974476
E,5,Local,1000,Townway,2,Rural,Flexible,397.6394354,16.0,6.146376076,1.080882668,0,37.77793887,0.669360345,9.3,280.71,163.8755343,6.98,156,4.43,222.44,20.1,127.0,12.63,182.9,1.81,13.16536,15.16536,13.74592678
E,5,Local,1000,Townway,2,Urban,Flexible,64.87673319,7.0,0.0,0.0,0,0.0,0.0,9.3,280.71,50.11661503,6.98,156,4.43,222.44,20.1,127.0,12.63,182.9,2.87,4.16536,4.16536,4.16536
A,5,Local,1000,Townway,2,Rural,Flexible,936.4791266,3.0,6.523466098,1.408619725,0,42.55560993,1.136719155,9.3,280.71,8.69796085,6.98,156,4.43,222.44,20.1,127.0,12.63,182.9,2.37,0.16536,6.16536,1.700329401
E,5,Local,1000,Townway,2,Rural,Flexible,1919.165864,3.0,6.470602078,1.713126099,0,41.86869125,1.68103461,9.3,280.71,125.8583924,6.98,156,4.43,222.44,20.1,127.0,12.63,182.9,2.87,0.16536,23.16536,9.99305588
E,5,Local,1000,Townway,2,Rural,Flexible,370.3890843,3.0,6.622600275,2.020384376,0,43.85883441,2.337489115,10.16,5888.6,43.52454734,6.98,156,4.43,222.44,21.42,297.8,13.1,301.07,1.01,-0.096768,12.903232,4.614347433
E,5,Local,500,Townway,1,Urban,Flexible,105.6992363,4.0,5.472987738,1.680535677,0,29.95359478,1.617717486,9.3,280.71,11.7504474,6.98,156,4.43,222.44,20.1,127.0,12.63,182.9,2.51,1.16536,2.32576,2.00889456
E,5,Local,1000,Townway,2,Rural,Unimproved,573.0122718,2.3041,6.408780582,2.100718089,0,41.07246854,2.526832736,10.16,5888.6,123.4368288,6.98,156,4.43,222.44,21.42,297.8,13.1,301.07,0.98,-0.792668,7.903232,4.504202299
E,5,Local,1000,Townway,2,Rural,Flexible,1342.567918,3.0,6.61384128,1.854592911,0,43.74289647,1.969920276,10.16,5888.6,147.7543783,5.97,144,3.39,144.49,21.42,297.8,13.1,301.07,1.28,-0.096768,7.903232,3.241214065
E,5,Local,1000,Townway,2,Urban,Flexible,489.7559438,2.0,6.368085362,1.54616102,0,40.55251118,1.369460025,8.3,109.8,27.90052107,6.98,156,4.43,222.44,20.1,127.0,12.63,182.9,3.21,-0.52984,2.44756,0.789686575
A,5,Local,1000,Townway,2,Rural,Flexible,747.520644,2.0,6.573890055,2.128170661,0,43.21603046,2.593216915,9.3,280.71,5.109295882,6.98,156,4.43,222.44,21.42,297.8,13.1,301.07,2.37,-0.83464,15.16536,5.307921144
E,5,Local,1000,Townway,2,Rural,Flexible,868.5215416,5.0,6.381339673,1.93922563,0,40.72149602,2.153647965,10.16,5888.6,190.3719082,6.98,156,4.43,222.44,21.42,297.8,13.1,301.07,1.01,1.903232,8.523432,5.503889522
E,5,Local,1000,Townway,2,Rural,Unimproved,21.04437708,9.0,5.238051288,2.299898589,0,27.4371813,3.02785767,10.16,5888.6,104.7890858,5.97,144,3.39,144.49,20.07,116.2,13.47,142.3,1.11,5.903232,6.903232,6.625197169
E,5,Local,1000,Townway,2,Rural,Unimproved,137.4256771,9.0,6.597159234,3.280729312,0,43.52250995,6.143201278,9.3,280.71,141.8108943,6.98,156,4.43,222.44,21.42,297.8,13.1,301.07,2.17,6.16536,13.66446,8.67452746
E,5,Local,1000,Townway,2,Rural,Flexible,78.47154174,6.0,5.148867926,1.189991458,0,26.51084092,0.811299659,10.16,5888.6,65.40029878,5.97,144,3.39,144.49,21.42,297.8,13.1,301.07,1.28,2.903232,3.903232,3.254839985
E,5,Local,1000,Townway,2,Urban,Flexible,172.0277519,2.0,0.0,0.0,0,0.0,0.0,8.3,109.8,21.09538024,6.98,156,4.43,222.44,20.1,127.0,12.63,182.9,3.11,-0.52984,-0.52984,-0.52984
E,5,Local,1000,Townway,2,Urban,Flexible,160.9059693,2.0,5.056665275,1.939206543,0,25.5698637,2.153605609,8.3,109.8,87.20484099,6.98,156,4.43,222.44,20.1,127.0,12.63,182.9,3.21,-0.52984,0.47016,0.310084675
E,5,Local,1000,Townway,2,Urban,Flexible,978.5874417,2.0,6.631204865,1.660107813,0,43.97287796,1.578647995,8.3,109.8,7.75024186,6.98,156,4.43,222.44,20.1,127.0,12.63,182.9,3.11,-0.52984,1.47016,0.259438002
E,5,Local,1000,Townway,2,Rural,Flexible,238.7665641,3.0,6.09191384,2.175318078,0,37.11141424,2.709220346,10.16,5888.6,20.00876465,5.97,144,3.39,144.49,20.07,116.2,13.47,142.3,1.74,-0.096768,4.903232,2.458675605
E,5,Local,1000,Townway,2,Rural,Flexible,177.3014831,13.0,6.485798235,1.474999191,0,42.06557875,1.246343315,10.16,5888.6,111.8847944,6.98,156,4.43,222.44,21.42,297.8,13.1,301.07,1.01,9.903232,12.903232,11.30879846
A,5,Local,1000,Townway,2,Rural,Flexible,136.5038197,3.1332,6.017408919,2.34251914,0,36.2092101,3.140896225,10.16,5888.6,31.45794992,5.97,144,3.39,144.49,20.07,116.2,13.47,142.3,1.74,0.036432,5.227332,2.358382026
A,5,Local,1000,Townway,2,Rural,Flexible,4669.543153,2.0,6.671939049,2.180008089,0,44.51477067,2.720897624,9.3,280.71,145.4105346,6.98,156,4.43,222.44,20.1,127.0,12.63,182.9,2.37,-0.83464,30.16536,12.61422065
E,5,Local,1000,Townway,2,Rural,Flexible,278.9103719,4.0,6.096556734,1.805989323,0,37.16800401,1.868095436,10.16,5888.6,39.87573827,5.97,144,3.39,144.49,21.42,297.8,13.1,301.07,1.31,0.903232,7.903232,6.668275792
A,5,Local,1000,Townway,2,Rural,Flexible,1097.918007,5.0,6.585285587,1.671481932,0,43.36598626,1.600342894,10.16,5888.6,188.8896443,5.97,144,3.39,144.49,20.07,116.2,13.47,142.3,1.74,1.903232,18.903232,12.60260418
E,5,Local,1000,Townway,2,Rural,Flexible,424.4939477,4.9559,6.700366145,1.953273467,0,44.89490648,2.18493309,9.3,280.71,95.89117685,6.98,156,4.43,222.44,21.42,297.8,13.1,301.07,2.37,2.12126,12.16536,6.806841783
E,5,Local,1000,Townway,2,Urban,Flexible,63.98901832,3.0,0.0,0.0,0,0.0,0.0,9.3,280.71,71.98492328,6.98,156,4.43,222.44,20.1,127.0,12.63,182.9,2.51,0.16536,0.16536,0.16536
E,5,Local,500,Townway,1,Urban,Flexible,291.5132155,4.0,6.498491869,1.79553903,0,42.23039658,1.846553659,9.3,280.71,107.3396163,6.98,156,4.43,222.44,20.1,127.0,12.63,182.9,2.51,1.16536,5.16536,3.815713349
E,5,Local,1000,Townway,2,Rural,Unimproved,666.4884145,2.0,6.489632767,1.133092776,0,42.11533345,0.735579661,10.16,5888.6,32.0151509,5.97,144,3.39,144.49,20.07,116.2,13.47,142.3,1.11,-1.096768,3.903232,0.635190843
E,5,Local,1000,Townway,2,Rural,Unimproved,666.4884145,2.0,6.667849139,3.022237157,0,44.46021213,5.21886794,10.16,5888.6,32.0151509,5.97,144,3.39,144.49,20.07,116.2,13.47,142.3,1.11,-1.096768,-0.096768,-0.843412328
E,5,Local,1000,Townway,2,Rural,Flexible,288.2785897,3.0,6.559672144,1.583334732,0,43.02929864,1.436075101,9.3,280.71,7.236031984,6.98,156,4.43,222.44,20.1,127.0,12.63,182.9,2.87,0.16536,6.16536,1.564363841
E,5,Local,1000,Townway,2,Rural,Flexible,529.8608556,2.0758,6.586878936,1.970094509,0,43.38697412,2.222689602,10.16,5888.6,34.51289006,5.97,144,3.39,144.49,20.07,116.2,13.47,142.3,1.11,-1.020968,11.903232,4.664681092
E,5,Local,1000,Townway,2,Rural,Flexible,196.7698604,8.0,6.209907441,1.543397279,0,38.56295042,1.364570473,10.16,5888.6,148.9686305,5.97,144,3.39,144.49,21.42,297.8,13.1,301.07,1.28,4.903232,8.903232,6.46533725
E,5,Local,1000,Townway,2,Rural,Unimproved,893.0632225,3.0,6.180423185,1.245405951,0,38.19763075,0.888606904,10.16,5888.6,27.52179272,6.98,156,4.43,222.44,21.42,297.8,13.1,301.07,1.01,-0.096768,3.903232,1.049910185
E,4,Major Collector,1800,State aid,2,Rural,Flexible,69.84874192,21.0,5.713280856,1.269232852,0,32.64157814,0.922927692,9.3,280.71,124.9816446,6.98,156,4.43,222.44,20.1,127.0,12.63,182.9,1.81,18.16536,19.16536,18.40995473
E,5,Local,1000,Townway,2,Rural,Unimproved,458.795994,4.6734,6.652612116,1.975084941,0,44.25724797,2.233953027,9.3,280.71,173.5957539,6.98,156,4.43,222.44,20.1,127.0,12.63,182.9,1.81,1.83876,17.16536,8.97125747
E,5,Local,1000,Townway,2,Urban,Flexible,430.0276588,3.0,6.51288816,1.807756101,0,42.41771218,1.871749696,10.16,5888.6,12.79373812,6.98,156,4.43,222.44,21.42,297.8,13.1,301.07,1.28,-0.096768,11.903232,5.397760826
E,5,Local,1000,Townway,2,Rural,Flexible,1156.131148,7.0,6.448819303,1.01903094,0,41.58727041,0.594951773,9.3,280.71,30.68188003,6.98,156,4.43,222.44,20.1,127.0,12.63,182.9,2.87,4.16536,8.16536,5.803650913
A,5,Local,1000,Townway,2,Rural,Flexible,480.0023777,21.0,6.108680348,1.740505903,0,37.3159756,1.735165225,10.16,5888.6,219.7039845,5.97,144,3.39,144.49,21.42,297.8,13.1,301.07,1.28,17.903232,20.903232,19.34612191
E,5,Local,1000,Townway,2,Rural,Unimproved,237.5849795,8.0,5.60768404,1.179675965,0,31.44612029,0.797296874,9.3,280.71,74.34737179,6.98,156,4.43,222.44,20.1,127.0,12.63,182.9,2.87,5.16536,8.16536,5.982577249
E,5,Local,1000,Townway,2,Urban,Flexible,269.449099,2.0,6.019139938,0.66278239,0,36.23004559,0.251687566,8.3,109.8,22.73499201,6.98,156,4.43,222.44,20.1,127.0,12.63,182.9,3.11,-0.52984,0.47016,-0.476747172
E,5,Local,1000,Townway,2,Rural,Flexible,635.3116241,2.9693,6.558442354,1.78506528,0,43.01316612,1.825088447,10.16,5888.6,270.121912,5.97,144,3.39,144.49,20.07,116.2,13.47,142.3,1.74,-0.127468,7.903232,4.479827849
E,5,Local,1000,Townway,2,Rural,Flexible,23.02868324,26.0,5.537064904,2.207173923,0,30.65908775,2.789025808,10.16,5888.6,181.2012038,5.97,144,3.39,144.49,20.07,116.2,13.47,142.3,1.11,22.903232,23.903232,23.77675216
A,5,Local,1000,Townway,2,Rural,Flexible,2144.593715,0.0,6.761562312,1.873606925,0,45.7187249,2.010487146,10.16,5888.6,9.681746528,6.98,156,4.43,222.44,21.42,297.8,13.1,301.07,1.01,-3.096768,11.903232,3.870267236
A,5,Local,1000,Townway,2,Rural,Flexible,499.6742259,9.0,6.584049307,2.238972102,0,43.34970527,2.86983281,10.16,5888.6,161.5504246,5.97,144,3.39,144.49,20.07,116.2,13.47,142.3,0.99,5.903232,24.903232,18.90008445
A,5,Local,1000,Townway,2,Rural,Flexible,1187.231922,4.0,6.613364215,1.792013317,0,43.73658624,1.839313996,9.3,280.71,90.74332303,6.98,156,4.43,222.44,21.42,297.8,13.1,301.07,2.17,1.16536,11.16536,4.999415077
E,5,Local,1000,Townway,2,Rural,Unimproved,3014.642674,5.096,6.705223251,2.163443709,0,44.96001884,2.679766765,10.16,5888.6,87.81170074,5.97,144,3.39,144.49,21.42,297.8,13.1,301.07,0.98,1.999232,24.903232,13.08243822
E,4,Major Collector,1800,State aid,2,Rural,Flexible,207.0485354,6.0,5.698600633,1.584545957,0,32.47404918,1.438272167,11.42,26.08,96.0802078,5.97,144,3.39,144.49,22.3,135.0,13.93,143.06,1.74,2.519184,6.519184,4.186072785
E,5,Local,1000,Townway,2,Urban,Flexible,1160.520973,3.0,6.689881333,1.7375473,0,44.75451226,1.729274773,8.3,109.8,70.21769442,6.98,156,4.43,222.44,20.1,127.0,12.63,182.9,3.21,0.47016,1.98476,1.032236251
E,5,Local,1000,Townway,2,Rural,Unimproved,448.0672186,3.0,6.708161425,1.713559922,0,44.99942971,1.681885622,9.3,280.71,136.8740563,6.98,156,4.43,222.44,20.1,127.0,12.63,182.9,1.81,0.16536,11.16536,5.071811647
E,5,Local,1000,Townway,2,Rural,Flexible,172.6808746,17.0,6.282409102,2.66754305,0,39.46866412,4.070184553,10.16,5888.6,214.2055678,5.97,144,3.39,144.49,20.07,116.2,13.47,142.3,1.11,13.903232,24.903232,20.2479889
E,5,Local,1000,Townway,2,Rural,Unimproved,60.75548356,8.9133,2.505950342,0.378884382,0,6.279787116,0.082249969,9.3,280.71,98.70989176,6.98,156,4.43,222.44,21.42,297.8,13.1,301.07,2.17,6.07866,6.16536,6.164794495
E,5,Local,1000,Townway,2,Urban,Flexible,95.74583876,2.0,6.31150962,2.671716846,0,39.83515369,4.082888379,9.3,280.71,90.58012784,6.98,156,4.43,222.44,20.1,127.0,12.63,182.9,2.51,-0.83464,0.16536,0.040864654
E,4,Major Collector,1400,State aid,2,Urban,Flexible,90.66568937,12.0,0.0,0.0,0,0.0,0.0,9.3,280.71,377.3021761,6.98,156,4.43,222.44,20.1,127.0,12.63,182.9,2.51,9.16536,9.16536,9.16536
E,5,Local,1000,Townway,2,Rural,Flexible,531.9969171,5.0,6.485783582,2.376732635,0,42.06538867,3.233121235,10.16,5888.6,241.2918013,5.97,144,3.39,144.49,20.07,116.2,13.47,142.3,0.99,1.903232,21.903232,15.0679659
E,5,Local,1000,Townway,2,Rural,Flexible,416.1193486,3.0,6.658563737,1.965754241,0,44.33647104,2.212916629,9.3,280.71,7.946991714,6.98,156,4.43,222.44,20.1,127.0,12.63,182.9,1.81,0.16536,8.16536,2.543109635
E,5,Local,1000,Townway,2,Urban,Flexible,252.4919435,7.0,6.21498866,1.200928234,0,38.62608404,0.826278846,9.3,280.71,125.9706756,6.98,156,4.43,222.44,20.1,127.0,12.63,182.9,2.87,4.16536,6.16536,4.781036232
E,5,Local,1000,Townway,2,Rural,Flexible,548.6781785,9.0,6.144746134,1.035675775,0,37.75790505,0.614544892,9.3,280.71,87.28680523,6.98,156,4.43,222.44,20.1,127.0,12.63,182.9,2.87,6.16536,8.16536,7.21785571
E,5,Local,1000,Townway,2,Rural,Unimproved,86.38526544,7.0,6.317548484,2.013968959,0,39.91141884,2.322684298,9.3,280.71,143.0132899,6.98,156,4.43,222.44,20.1,127.0,12.63,182.9,1.81,4.16536,7.16536,5.679353756
E,5,Local,500,Townway,1,Urban,Flexible,293.9059119,3.0,6.348663194,1.811780576,0,40.30552435,1.880086877,9.3,280.71,121.0914376,6.98,156,4.43,222.44,20.1,127.0,12.63,182.9,2.51,0.16536,4.16536,2.094423589
E,5,Local,1000,Townway,2,Rural,Unimproved,213.7757912,5.0,5.837451483,2.174847159,0,34.07583981,2.708049221,10.16,5888.6,30.65344715,5.97,144,3.39,144.49,20.07,116.2,13.47,142.3,0.99,1.903232,5.903232,3.548931021
E,5,Local,1000,Townway,2,Urban,Flexible,141.1492538,2.0,5.657758909,2.751160846,0,32.01023587,4.328399306,8.3,109.8,128.3697075,6.98,156,4.43,222.44,20.1,127.0,12.63,182.9,3.21,-0.52984,0.47016,0.319806086
A,5,Local,1000,Townway,2,Rural,Flexible,2915.188977,3.0,6.614831274,1.586429338,0,43.75599278,1.4416918,10.16,5888.6,40.69357296,5.97,144,3.39,144.49,21.42,297.8,13.1,301.07,1.28,-0.096768,15.903232,3.977960603
E,5,Local,1000,Townway,2,Urban,Flexible,193.5195266,4.0,7.762654957,2.598782844,0,60.25881198,3.863701916,8.3,109.8,97.69816255,6.98,156,4.43,222.44,20.1,127.0,12.63,182.9,4.25,1.47016,9.47016,5.839390038
E,5,Local,1000,Townway,2,Urban,Flexible,782.4609855,2.0,6.451257437,1.560808237,0,41.61872251,1.39551927,8.3,109.8,12.7069205,6.98,156,4.43,222.44,20.1,127.0,12.63,182.9,3.11,-0.52984,1.47016,-0.103862435
A,5,Local,1000,Townway,2,Rural,Flexible,434.3502198,7.0,5.62943063,1.170491287,0,31.69048921,0.784931635,10.16,5888.6,17.54140163,5.97,144,3.39,144.49,20.07,116.2,13.47,142.3,1.11,3.903232,7.903232,4.84089308
E,5,Local,1000,Townway,2,Urban,Flexible,404.0012311,3.0,0.0,0.0,0,0.0,0.0,8.3,109.8,51.35758834,6.98,156,4.43,222.44,20.1,127.0,12.63,182.9,3.21,0.47016,0.47016,0.47016
E,5,Local,1000,Townway,2,Rural,Flexible,364.9440358,14.0,6.514949288,2.911527551,0,42.44456423,4.845375001,10.16,5888.6,109.5351293,5.97,144,3.39,144.49,20.07,116.2,13.47,142.3,1.11,10.903232,28.903232,24.12060523
E,5,Local,1000,Townway,2,Urban,Flexible,129.1617628,9.0,0.0,0.0,0,0.0,0.0,9.3,280.71,166.2461687,6.98,156,4.43,222.44,20.1,127.0,12.63,182.9,2.87,6.16536,6.16536,6.16536
E,5,Local,1000,Townway,2,Rural,Unimproved,238.5092749,5.0,6.247443925,2.40650676,0,39.0305556,3.314453906,9.3,280.71,27.89757269,6.98,156,4.43,222.44,20.1,127.0,12.63,182.9,1.81,2.16536,14.16536,7.79075077
A,5,Local,1000,Townway,2,Rural,Flexible,1508.459422,3.0,6.466508105,1.164176881,0,41.81572707,0.776486634,11.42,26.08,16.76578737,5.97,144,3.39,144.49,22.3,135.0,13.93,143.06,1.74,-0.480816,1.519184,0.490350701
E,5,Local,1000,Townway,2,Rural,Unimproved,1474.595329,10.0,5.814956448,1.249009297,0,33.81371849,0.893755541,10.16,5888.6,232.7000857,5.97,144,3.39,144.49,20.07,116.2,13.47,142.3,0.99,6.903232,8.903232,8.2105196
E,5,Local,500,Townway,1,Urban,Flexible,102.4611674,4.0,5.742409678,1.055604451,0,32.97526891,0.638420883,9.3,280.71,21.23011542,6.98,156,4.43,222.44,20.1,127.0,12.63,182.9,2.51,1.16536,2.16536,2.027133252
E,5,Local,1000,Townway,2,Rural,Gravel,660.2741873,4.0,6.577660421,2.234614745,0,43.26561662,2.858692024,10.16,5888.6,269.7996105,5.97,144,3.39,144.49,22.3,135.0,13.93,143.06,1.74,0.903232,24.903232,14.95617409
E,4,Minor Collector,1040,State aid,2,Urban,Flexible,861.7715888,3.0,6.156059977,2.110337366,0,37.89707444,2.54999619,8.3,109.8,11.03900555,6.98,156,4.43,222.44,20.1,127.0,12.63,182.9,3.21,0.47016,1.47016,1.143220381
A,5,Local,1000,Townway,2,Rural,Flexible,570.8090374,3.0,6.53521576,1.605451954,0,42.70904503,1.476458054,10.16,5888.6,97.4116616,6.98,156,4.43,222.44,21.42,297.8,13.1,301.07,1.01,-0.096768,10.903232,6.748236304
E,5,Local,1000,Townway,2,Rural,Flexible,205.2091525,9.0,5.8882657,1.090254623,0,34.67167295,0.681017157,9.3,280.71,82.64278725,6.98,156,4.43,222.44,20.1,127.0,12.63,182.9,2.87,6.16536,8.16536,7.31165034
A,5,Local,1000,Townway,2,Rural,Flexible,1369.037651,3.0,6.684053314,1.711490705,0,44.67656871,1.67782846,11.42,26.08,41.50565173,5.97,144,3.39,144.49,22.3,135.0,13.93,143.06,0.57,-0.480816,12.519184,4.642177404
E,5,Local,1000,Townway,2,Rural,Unimproved,154.4753688,6.0,6.465441139,1.84815034,0,41.80192912,1.956268301,10.16,5888.6,114.1351698,5.97,144,3.39,144.49,20.07,116.2,13.47,142.3,1.11,2.903232,5.903232,4.218543881
E,5,Local,1000,Townway,2,Rural,Flexible,153.2301076,10.0,6.450988957,1.933424418,0,41.61525852,2.140793929,10.16,5888.6,84.85011811,5.97,144,3.39,144.49,20.07,116.2,13.47,142.3,1.11,6.903232,11.903232,11.03617055
A,4,Minor Collector,1600,State aid,2,Rural,Flexible,1265.150178,4.0,6.630170211,1.786930542,0,43.95915702,1.828902016,11.42,26.08,24.06193687,5.97,144,3.39,144.49,22.3,135.0,13.93,143.06,0.57,0.519184,16.519184,4.793349901
A,5,Local,1000,Townway,2,Rural,Flexible,948.0684346,0.0,8.613221825,2.196594988,0,74.18759021,2.762395915,11.42,26.08,5.050091734,5.97,144,3.39,144.49,22.3,135.0,13.93,143.06,1.74,-3.480816,7.519184,0.587014674
E,5,Local,1000,Townway,2,Rural,Flexible,859.2797598,4.0,6.588018267,1.94857037,0,43.40198469,2.174434095,10.16,5888.6,101.8835438,5.97,144,3.39,144.49,20.07,116.2,13.47,142.3,1.11,0.903232,24.903232,12.84642411
E,5,Local,1000,Townway,2,Rural,Unimproved,979.7019536,2.0,6.585299729,2.416950094,0,43.36617253,3.343218178,10.16,5888.6,8.08466802,5.97,144,3.39,144.49,20.07,116.2,13.47,142.3,1.11,-1.096768,14.903232,2.285250212
E,5,Local,1000,Townway,2,Rural,Unimproved,1289.28772,2.0,6.652452148,2.726735204,0,44.25511958,4.252165959,10.16,5888.6,15.6268092,5.97,144,3.39,144.49,20.07,116.2,13.47,142.3,0.99,-1.096768,6.860432,2.532834798
E,5,Local,1000,Townway,2,Rural,Flexible,507.6104681,3.0,6.642375282,1.992385172,0,44.12114939,2.273218981,9.3,280.71,36.1492151,6.98,156,4.43,222.44,21.42,297.8,13.1,301.07,2.37,0.16536,7.16536,2.782447354
E,5,Local,1000,Townway,2,Rural,Unimproved,195.9380193,6.0,6.617317949,2.450568031,0,43.78889684,3.436646818,9.3,280.71,86.02991233,6.98,156,4.43,222.44,21.42,297.8,13.1,301.07,2.17,3.16536,9.16536,6.851938687
E,5,Local,1000,Townway,2,Rural,Unimproved,175.537608,3.0,6.382969216,1.641737807,0,40.74229601,1.543921083,9.3,280.71,86.8983707,6.98,156,4.43,222.44,20.1,127.0,12.63,182.9,1.81,0.16536,4.16536,2.267089257
E,5,Local,1000,Townway,2,Rural,Unimproved,630.652778,5.0,6.590866107,1.302516915,0,43.43951603,0.971958483,9.3,280.71,20.12136709,6.98,156,4.43,222.44,20.1,127.0,12.63,182.9,2.87,2.16536,6.16536,4.088792461
E,5,Local,1000,Townway,2,Rural,Gravel,221.4366024,1.0,6.306157812,1.808555764,0,39.76762635,1.873404822,9.3,280.71,3.020022365,6.98,156,4.43,222.44,20.1,127.0,12.63,182.9,2.87,-1.83464,1.16536,0.704186626
E,5,Local,1000,Townway,2,Rural,Flexible,484.4197202,3.0,5.967052554,1.253902959,0,35.60571618,0.90077164,10.16,5888.6,6.879670919,5.97,144,3.39,144.49,20.07,116.2,13.47,142.3,1.11,-0.096768,1.241932,0.658805102
A,5,Local,1000,Townway,2,Rural,Flexible,6156.09768,3.0,6.70719914,1.497687366,0,44.9865203,1.284967503,10.16,5888.6,159.4870758,5.97,144,3.39,144.49,20.07,116.2,13.47,142.3,1.74,-0.096768,18.903232,8.39065633
E,5,Local,1000,Townway,2,Rural,Flexible,207.8295714,10.0,6.550798202,2.61772755,0,42.91295709,3.92006376,9.3,280.71,97.56878362,6.98,156,4.43,222.44,21.42,297.8,13.1,301.07,2.37,7.16536,15.97266,10.83901237
E,5,Local,1000,Townway,2,Urban,Flexible,113.1416411,7.0,6.245593071,2.006667381,0,39.00743281,2.30589141,9.3,280.71,90.98379994,6.98,156,4.43,222.44,20.1,127.0,12.63,182.9,2.87,4.16536,6.16536,5.082187936
E,5,Local,1000,Townway,2,Rural,Flexible,1244.515216,2.7836,6.256611646,0.819622887,0,39.14518929,0.384896759,10.16,5888.6,4.597309235,6.98,156,4.43,222.44,21.42,297.8,13.1,301.07,1.01,-0.313168,1.903232,0.369714961
E,5,Local,1000,Townway,2,Rural,Flexible,307.1128923,20.0,6.536670937,1.608557763,0,42.72806693,1.482173565,9.3,280.71,157.6355803,6.98,156,4.43,222.44,20.1,127.0,12.63,182.9,1.81,17.16536,23.16536,19.71915458
E,5,Local,1000,Townway,2,Rural,Flexible,237.2938867,14.0,6.467585828,1.99960803,0,41.82966644,2.289713237,9.3,280.71,211.8935876,6.98,156,4.43,222.44,20.1,127.0,12.63,182.9,1.81,11.16536,19.16536,16.96603798
E,5,Local,1000,Townway,2,Rural,Flexible,151.1935085,3.0,5.923048034,2.104061389,0,35.08249801,2.53487158,10.16,5888.6,47.49955183,5.97,144,3.39,144.49,20.07,116.2,13.47,142.3,1.11,-0.096768,5.903232,3.1063967
E,5,Local,1000,Townway,2,Rural,Flexible,1914.436106,9.0,6.67116078,1.697712599,0,44.50438615,1.650937982,10.16,5888.6,220.0712271,6.98,156,4.43,222.44,21.42,297.8,13.1,301.07,0.98,5.903232,26.903232,15.30727978
A,5,Local,1000,Townway,2,Rural,Flexible,94.15121012,4.0,5.835097932,1.980683069,0,34.04836788,2.246621731,11.42,26.08,74.95887025,5.97,144,3.39,144.49,22.3,135.0,13.93,143.06,0.57,0.519184,2.519184,1.550261467
E,5,Local,1000,Townway,2,Rural,Unimproved,100.6792662,3.0,5.921762871,1.503265788,0,35.0672755,1.294554292,10.16,5888.6,18.43592862,6.98,156,4.43,222.44,21.42,297.8,13.1,301.07,1.01,-0.096768,1.903232,1.086198327
E,5,Local,1000,Townway,2,Rural,Flexible,582.2681631,5.0,6.487039245,1.878734414,0,42.08167817,2.021497262,9.3,280.71,353.5606264,6.98,156,4.43,222.44,20.1,127.0,12.63,182.9,2.87,2.16536,14.16536,9.20970836
E,5,Local,1000,Other,2,Rural,Flexible,1331.769615,3.0,6.492218997,1.68242648,0,42.1489075,1.621357842,9.3,280.71,262.4717726,6.98,156,4.43,222.44,20.1,127.0,12.63,182.9,2.51,0.16536,4.16536,1.392245764
E,5,Local,1000,Townway,2,Rural,Flexible,328.9366328,9.0,6.572245344,2.865805134,0,43.19440886,4.695072881,10.16,5888.6,27.69219339,5.97,144,3.39,144.49,20.07,116.2,13.47,142.3,1.11,5.903232,10.903232,8.29431454
E,5,Local,1000,Townway,2,Rural,Flexible,639.1019148,0.0,6.289305244,2.748638249,0,39.55536045,4.320495415,10.16,5888.6,15.42730051,5.97,144,3.39,144.49,20.07,116.2,13.47,142.3,1.11,-3.096768,20.903232,6.839708192
E,5,Local,1000,Townway,2,Urban,Flexible,665.5192398,3.0,6.479043543,1.309713459,0,41.97800523,0.9827264,9.3,280.71,15.2090954,6.98,156,4.43,222.44,20.1,127.0,12.63,182.9,2.87,0.16536,4.16536,1.625624416
E,5,Local,1000,Townway,2,Rural,Flexible,156.5808069,5.0,6.137617247,2.073572654,0,37.67034547,2.46203219,10.16,5888.6,84.20502119,5.97,144,3.39,144.49,20.07,116.2,13.47,142.3,1.11,1.903232,7.903232,4.552259873
E,5,Local,1000,Townway,2,Rural,Flexible,145.7020011,4.0,5.779149416,0.881884346,0,33.39856798,0.445591752,10.16,5888.6,22.25150299,6.98,156,4.43,222.44,21.42,297.8,13.1,301.07,1.01,0.903232,1.903232,1.042287473
E,5,Local,1000,Townway,2,Rural,Flexible,195.4170723,10.0,6.376204066,1.735546531,0,40.65597829,1.725296989,10.16,5888.6,100.0005903,5.97,144,3.39,144.49,20.07,116.2,13.47,142.3,1.11,6.903232,10.903232,8.91249285
E,5,Local,1000,Townway,2,Rural,Flexible,2073.161631,3.0,6.514572942,1.412640428,0,42.43966061,1.1432159,9.3,280.71,200.3418988,6.98,156,4.43,222.44,21.42,297.8,13.1,301.07,2.17,0.16536,13.16536,4.772321083
E,5,Local,1000,Townway,2,Rural,Flexible,180.1628587,18.0,6.433485502,1.622990898,0,41.3897357,1.508878903,9.3,280.71,244.5510354,6.98,156,4.43,222.44,20.1,127.0,12.63,182.9,1.81,15.16536,19.16536,16.85026757
E,5,Local,1000,Townway,2,Rural,Flexible,4226.439778,3.0,6.543266335,1.228670375,0,42.81433433,0.864889088,10.16,5888.6,16.19381224,5.97,144,3.39,144.49,20.07,116.2,13.47,142.3,0.99,-0.096768,13.903232,5.285629279
E,4,Major Collector,1800,State aid,2,Rural,Flexible,594.4762986,0.0,6.498382606,1.536083682,0,42.2289765,1.351673519,10.16,5888.6,25.03751018,5.97,144,3.39,144.49,20.07,116.2,13.47,142.3,1.11,-3.096768,3.903232,1.952473679
E,5,Local,1000,Townway,2,Urban,Flexible,121.3113521,2.0,6.17221368,1.38432524,0,38.09622171,1.09785694,8.3,109.8,24.36116091,6.98,156,4.43,222.44,20.1,127.0,12.63,182.9,3.11,-0.52984,1.47016,0.955822672
E,5,Local,1000,Townway,2,Rural,Flexible,705.7997916,20.0,5.993843001,0.700062914,0,35.92615393,0.28079754,9.3,280.71,172.1602619,6.98,156,4.43,222.44,20.1,127.0,12.63,182.9,1.81,17.16536,18.16536,17.68463072
E,5,Local,1000,Townway,2,Rural,Flexible,320.8848721,8.0,6.261579065,1.692580522,0,39.20737239,1.640977174,9.3,280.71,82.15674947,6.98,156,4.43,222.44,20.1,127.0,12.63,182.9,1.81,5.16536,12.16536,9.7744318
E,5,Local,500,Townway,1,Urban,Flexible,102.3600138,3.0,6.283770484,2.138670986,0,39.48577149,2.6188342,9.3,280.71,35.29322315,6.98,156,4.43,222.44,20.1,127.0,12.63,182.9,2.51,0.16536,1.16536,0.793674668
E,5,Local,1000,Townway,2,Rural,Unimproved,263.167959,4.0,6.682135002,1.942207258,0,44.65092819,2.160269405,11.42,26.08,148.6673015,5.97,144,3.39,144.49,22.3,135.0,13.93,143.06,1.74,0.519184,8.519184,4.114899415
E,5,Local,1000,Townway,2,Rural,Flexible,1524.471932,1.0,6.52577808,1.334138971,0,42.58577955,1.019715253,9.3,280.71,7.68932254,6.98,156,4.43,222.44,20.1,127.0,12.63,182.9,1.81,-1.83464,3.16536,1.684080739
E,5,Local,1000,Townway,2,Rural,Flexible,642.0845334,1.982,6.681176223,2.354296481,0,44.63811572,3.17249385,10.16,5888.6,197.1086586,5.97,144,3.39,144.49,21.42,297.8,13.1,301.07,1.31,-1.114768,24.903232,10.81237818
A,5,Local,1000,Townway,2,Rural,Flexible,511.54358,3.0,6.620769114,2.033380951,0,43.83458366,2.367624568,9.3,280.71,7.583004602,6.98,156,4.43,222.44,21.42,297.8,13.1,301.07,2.17,0.16536,13.16536,4.26118515
A,5,Local,1000,Townway,2,Urban,Flexible,720.1004484,7.0,6.444626625,1.262462396,0,41.53321234,0.913109298,9.3,280.71,23.09928418,6.98,156,4.43,222.44,20.1,127.0,12.63,182.9,1.93,4.16536,8.16536,5.981601784
E,5,Local,1000,Townway,2,Rural,Flexible,68.61310298,3.0,0.0,0.0,0,0.0,0.0,10.16,5888.6,15.22804021,6.98,156,4.43,222.44,21.42,297.8,13.1,301.07,1.01,-0.096768,-0.096768,-0.096768
E,5,Local,1000,Townway,2,Rural,Flexible,235.8692621,3.0,6.604628325,1.877478594,0,43.62111532,2.018797907,10.16,5888.6,18.68339122,5.97,144,3.39,144.49,20.07,116.2,13.47,142.3,0.99,-0.096768,6.903232,2.529409902
E,5,Local,1000,Townway,2,Rural,Unimproved,613.7743671,4.0,6.478922077,1.468337069,0,41.97643128,1.23511353,9.3,280.71,46.92161793,6.98,156,4.43,222.44,20.1,127.0,12.63,182.9,1.81,1.16536,5.16536,3.280334902
E,5,Local,1000,Townway,2,Urban,Flexible,92.45424705,7.0,5.685702903,2.138916145,0,32.3272175,2.619433802,9.3,280.71,47.12444065,6.98,156,4.43,222.44,20.1,127.0,12.63,182.9,2.87,4.16536,5.16536,5.111622517
E,5,Local,1000,Townway,2,Urban,Flexible,237.7919399,5.0,5.920500219,1.289946665,0,35.05232284,0.953292252,9.3,280.71,20.43175838,6.98,156,4.43,222.44,20.1,127.0,12.63,182.9,2.87,2.16536,4.16536,3.068344815
E,4,Major Collector,1800,State aid,2,Rural,Flexible,1120.625694,5.0,6.655980823,1.207069947,0,44.30208072,0.834750673,10.16,5888.6,235.3063527,6.98,156,4.43,222.44,21.42,297.8,13.1,301.07,1.01,1.903232,4.903232,3.507730293
E,5,Local,1000,Townway,2,Rural,Flexible,478.0391512,10.0,6.685068766,2.203540467,0,44.6901444,2.779865177,10.16,5888.6,263.804277,5.97,144,3.39,144.49,22.3,135.0,13.93,143.06,1.74,6.903232,19.903232,12.69298979
E,5,Local,1000,Townway,2,Urban,Unimproved,210.4770501,1.0,6.681112575,2.949564932,0,44.63726524,4.972175209,9.3,280.71,50.37786256,6.98,156,4.43,222.44,20.1,127.0,12.63,182.9,2.87,-1.83464,12.16536,5.875163607
E,5,Local,1000,Townway,2,Rural,Unimproved,443.8971918,20.0,6.08349556,1.521912548,0,37.00891823,1.326857799,10.16,5888.6,285.7659701,5.97,144,3.39,144.49,20.07,116.2,13.47,142.3,1.11,16.903232,24.903232,22.59635764
E,4,Minor Collector,1600,State aid,2,Rural,Flexible,216.4699565,5.0,6.39022586,1.49505835,0,40.83498654,1.280461744,11.42,26.08,32.62540602,5.97,144,3.39,144.49,22.3,135.0,13.93,143.06,1.74,1.519184,3.519184,2.529327811
E,4,Major Collector,1800,State hwy,2,Rural,Flexible,541.1717066,3.0,6.537092456,2.464617199,0,42.73357778,3.476068187,10.16,5888.6,92.27743575,5.97,144,3.39,144.49,21.42,297.8,13.1,301.07,1.28,-0.096768,21.903232,7.6094328
E,5,Local,1000,Townway,2,Rural,Unimproved,124.1130027,3.0,5.753838153,1.470720583,0,33.10665349,1.239125393,9.3,280.71,4.397550679,6.98,156,4.43,222.44,20.1,127.0,12.63,182.9,1.81,0.16536,1.16536,0.48962078
E,5,Local,1000,Townway,2,Rural,Unimproved,1269.063617,24.0,6.65966337,2.043381813,0,44.3511162,2.390944452,10.16,5888.6,293.0371023,5.97,144,3.39,144.49,20.07,116.2,13.47,142.3,1.11,20.903232,40.903232,27.12242175
E,5,Local,1000,Townway,2,Rural,Unimproved,248.2913531,6.0,6.54694957,2.450837012,0,42.86254867,3.437399481,10.16,5888.6,79.59415361,5.97,144,3.39,144.49,20.07,116.2,13.47,142.3,1.74,2.903232,9.903232,7.35746397
E,5,Local,1000,Townway,2,Rural,Unimproved,1632.880669,7.0,6.648459238,1.259402649,0,44.20201024,0.908689318,9.3,280.71,147.5314816,6.98,156,4.43,222.44,20.1,127.0,12.63,182.9,2.87,4.16536,11.16536,7.67430104
E,5,Local,1000,Townway,2,Rural,Unimproved,845.0599561,24.0,6.580086121,1.856399922,0,43.29753336,1.973757871,9.3,280.71,333.3487924,6.98,156,4.43,222.44,20.1,127.0,12.63,182.9,2.37,21.16536,29.16536,26.15722901
